{
 "cells": [
  {
   "cell_type": "markdown",
   "id": "af6f0e8c",
   "metadata": {},
   "source": [
    "# Constructing similarity matrices\n",
    "This notebook provides example code for constructing the similarity matrices used in Xiang et al. 2025 (\"Evaluating Interdisciplinary Research\"). Note that it uses OpenAlex Concepts, which as of 2025 are being deprecated in favor of Topics."
   ]
  },
  {
   "cell_type": "code",
   "execution_count": null,
   "id": "45a2eb0e",
   "metadata": {},
   "outputs": [],
   "source": [
    "import numpy as np  # numpy==2.2.1\n",
    "import pandas as pd  # pandas==2.2.3\n",
    "from pyalex import Works, config  # pyalex==0.18\n",
    "from tqdm import tqdm  # tqdm==4.67.1\n",
    "import scipy.spatial.distance  # scipy==1.15.3\n",
    "import matplotlib.pyplot as plt  # matplotlib==3.10.0\n",
    "\n",
    "config.email = \"\" # YOUR EMAIL HERE (to get into the OpenAlex polite pool)"
   ]
  },
  {
   "cell_type": "markdown",
   "id": "d7463642",
   "metadata": {},
   "source": [
    "## Sampling works by year\n",
    "In the original work we sampled Crossref then matched the sample to OpenAlex via DOIs. Sampling with PyAlex turns out to be much easier."
   ]
  },
  {
   "cell_type": "code",
   "execution_count": null,
   "id": "a845a507",
   "metadata": {},
   "outputs": [
    {
     "name": "stderr",
     "output_type": "stream",
     "text": [
      "50it [01:29,  1.79s/it]\n"
     ]
    }
   ],
   "source": [
    "YEAR = 2018\n",
    "N_SAMP = 10000\n",
    "sample = []\n",
    "pager = Works().filter(publication_year=YEAR, type=\"article\").sample(N_SAMP, seed=100).paginate(method=\"page\", per_page=200)\n",
    "for page in tqdm(pager):\n",
    "    sample.extend(page)"
   ]
  },
  {
   "cell_type": "markdown",
   "id": "051c3594",
   "metadata": {},
   "source": [
    "## Constructing similarity matrix"
   ]
  },
  {
   "cell_type": "code",
   "execution_count": 43,
   "id": "42721e7d",
   "metadata": {},
   "outputs": [],
   "source": [
    "# Grab the spreadsheet of OpenAlex concepts here: https://docs.google.com/spreadsheets/d/1LBFHjPt4rj_9r0t0TTAlT68NwOtNH8Z21lBMsJDMoZg/edit?gid=575855905#gid=575855905\n",
    "# and save it as a CSV\n",
    "concepts_all = pd.read_csv('OpenAlex concepts in use (17 August 2022) - concepts.csv')\n",
    "\n",
    "LEVEL = 0  # OpenAlex concept level\n",
    "concepts = concepts_all[concepts_all[\"level\"] == LEVEL]\n",
    "concepts.reset_index(drop=True, inplace=True)\n",
    "num_concepts = len(concepts)\n",
    "concept_dict = {concepts[\"openalex_id\"][i]: int(i) for i in concepts.index} # used in creation of paper_concept_matrix\n",
    "concept_names_dict = {int(i): concepts[\"display_name\"][i] for i in concepts.index} # used to rename final sim_df rows and columns for interpretability"
   ]
  },
  {
   "cell_type": "code",
   "execution_count": 14,
   "id": "67fecf9a",
   "metadata": {},
   "outputs": [],
   "source": [
    "def build_pcm(sample, use_score):\n",
    "    '''\n",
    "    Building the paper-concept-matrix from a sample.\n",
    "    \n",
    "    Input:\n",
    "        - sample: Sample of papers\n",
    "        - use_score: Boolean. If True, populates pcm with concept scores. If False, populates with 1/0\n",
    "    Output:\n",
    "        - paper_concept_matrix: (#samples x #concepts) numpy matrix containing concept scores for each paper in the sample\n",
    "    '''\n",
    "    \n",
    "    sample_size = len(sample)\n",
    "    num_concepts = len(concept_dict)\n",
    "    paper_concept_matrix = np.zeros((sample_size, num_concepts))\n",
    "    for index, work in enumerate(sample):\n",
    "        for concept in work['concepts']:\n",
    "            if concept['level'] == LEVEL:\n",
    "                if use_score:\n",
    "                    paper_concept_matrix[index, concept_dict[concept['id'].lower()]] = float(concept['score'])\n",
    "                else:\n",
    "                    paper_concept_matrix[index, concept_dict[concept['id'].lower()]] = 1\n",
    "    return paper_concept_matrix\n",
    "\n",
    "\n",
    "def build_sim_matrix(pcm):\n",
    "    '''\n",
    "    Building the similarity matrix from a paper-concept-matrix\n",
    "    \n",
    "    Input:\n",
    "        - pcm: paper-concept-matrix output by build_pcm\n",
    "    Output:\n",
    "        - sim_matrix: (#concepts x #concepts) numpy matrix containing similarity scores between concepts\n",
    "    '''\n",
    "    \n",
    "    num_concepts = pcm.shape[1]\n",
    "    sim_matrix = np.zeros((num_concepts,num_concepts))\n",
    "    for i in range(num_concepts):\n",
    "        for j in range(i+1):\n",
    "            sim_matrix[i,j] = 1 - scipy.spatial.distance.cosine(pcm[:,i], pcm[:,j])\n",
    "            sim_matrix[j,i] = sim_matrix[i,j]\n",
    "    return sim_matrix"
   ]
  },
  {
   "cell_type": "code",
   "execution_count": 31,
   "id": "52fd98e6",
   "metadata": {},
   "outputs": [],
   "source": [
    "pcm = build_pcm(sample, True)\n",
    "sim_matrix = build_sim_matrix(pcm)"
   ]
  },
  {
   "cell_type": "code",
   "execution_count": 47,
   "id": "5f434619",
   "metadata": {},
   "outputs": [
    {
     "data": {
      "application/vnd.microsoft.datawrangler.viewer.v0+json": {
       "columns": [
        {
         "name": "index",
         "rawType": "object",
         "type": "string"
        },
        {
         "name": "Political science",
         "rawType": "float64",
         "type": "float"
        },
        {
         "name": "Philosophy",
         "rawType": "float64",
         "type": "float"
        },
        {
         "name": "Economics",
         "rawType": "float64",
         "type": "float"
        },
        {
         "name": "Business",
         "rawType": "float64",
         "type": "float"
        },
        {
         "name": "Psychology",
         "rawType": "float64",
         "type": "float"
        },
        {
         "name": "Mathematics",
         "rawType": "float64",
         "type": "float"
        },
        {
         "name": "Medicine",
         "rawType": "float64",
         "type": "float"
        },
        {
         "name": "Biology",
         "rawType": "float64",
         "type": "float"
        },
        {
         "name": "Computer science",
         "rawType": "float64",
         "type": "float"
        },
        {
         "name": "Geology",
         "rawType": "float64",
         "type": "float"
        },
        {
         "name": "Chemistry",
         "rawType": "float64",
         "type": "float"
        },
        {
         "name": "Art",
         "rawType": "float64",
         "type": "float"
        },
        {
         "name": "Sociology",
         "rawType": "float64",
         "type": "float"
        },
        {
         "name": "Engineering",
         "rawType": "float64",
         "type": "float"
        },
        {
         "name": "Geography",
         "rawType": "float64",
         "type": "float"
        },
        {
         "name": "History",
         "rawType": "float64",
         "type": "float"
        },
        {
         "name": "Materials science",
         "rawType": "float64",
         "type": "float"
        },
        {
         "name": "Physics",
         "rawType": "float64",
         "type": "float"
        },
        {
         "name": "Environmental science",
         "rawType": "float64",
         "type": "float"
        }
       ],
       "ref": "e6294a6a-d455-4852-9203-e0ee1491ac72",
       "rows": [
        [
         "Political science",
         "1.0",
         "0.2139175263989519",
         "0.16105590089075028",
         "0.17556676514996694",
         "0.10158789884285635",
         "0.011271391724226199",
         "0.027139746681610677",
         "0.004769315696041776",
         "0.06209051165784285",
         "0.004198904133243864",
         "0.002027288544105721",
         "0.1597893492564597",
         "0.3584204521280103",
         "0.05793821404063537",
         "0.12410918611792643",
         "0.14516826111187842",
         "0.0014949320077740635",
         "0.018112502406830266",
         "0.007392191692061512"
        ],
        [
         "Philosophy",
         "0.2139175263989519",
         "1.0",
         "0.01874681655808197",
         "0.004983925563760594",
         "0.09104458722354947",
         "0.028471386120622832",
         "0.015507217192698208",
         "0.003315047327694276",
         "0.03639336738549981",
         "0.006627455257109061",
         "0.005280885567973126",
         "0.191005205693613",
         "0.19228921498735574",
         "0.0063082874229161146",
         "0.01315965511625472",
         "0.12084001565788505",
         "0.001961000378780886",
         "0.06357251519056384",
         "0.0014473746431497014"
        ],
        [
         "Economics",
         "0.16105590089075028",
         "0.01874681655808197",
         "1.0",
         "0.4152423487846697",
         "0.046233173546185835",
         "0.051980652010490624",
         "0.005496436301721919",
         "0.01100914672179254",
         "0.0673360015390515",
         "0.00213853140121667",
         "0.004459591706571064",
         "0.007063469325474303",
         "0.07125413735283004",
         "0.06822515673513285",
         "0.09876519297889164",
         "0.013610957111956368",
         "0.0003628891612772467",
         "0.004163052457929806",
         "0.05181070136704824"
        ],
        [
         "Business",
         "0.17556676514996694",
         "0.004983925563760594",
         "0.4152423487846697",
         "1.0",
         "0.0671960844029107",
         "0.02630354577739824",
         "0.014627130164199365",
         "0.01355804561474494",
         "0.13168287466516304",
         "0.0029164089546532823",
         "0.005742043229906124",
         "0.010675011386035882",
         "0.0667942475376615",
         "0.14536056803207198",
         "0.11474272136146557",
         "0.008956851825772771",
         "0.0005126615388367783",
         "0.007396548946717818",
         "0.04657005524601543"
        ],
        [
         "Psychology",
         "0.10158789884285635",
         "0.09104458722354947",
         "0.046233173546185835",
         "0.0671960844029107",
         "1.0",
         "0.05316190103850138",
         "0.11076853166862144",
         "0.0166751653988374",
         "0.11765282630877305",
         "0.0029627293542636712",
         "0.007593355770024068",
         "0.055509366115133574",
         "0.19710166392305406",
         "0.049634825188136666",
         "0.032251587393233416",
         "0.03502037524806856",
         "0.0007713641517308467",
         "0.016162782532639586",
         "0.0035321180300945665"
        ],
        [
         "Mathematics",
         "0.011271391724226199",
         "0.028471386120622832",
         "0.051980652010490624",
         "0.02630354577739824",
         "0.05316190103850138",
         "1.0",
         "0.017605100061636292",
         "0.026103698893380822",
         "0.21388276411383678",
         "0.037474970879995184",
         "0.024536435399287737",
         "0.015082554107989643",
         "0.01877414855823134",
         "0.1078428184383512",
         "0.031100342278899018",
         "0.008308309005580439",
         "0.04137253126165219",
         "0.1517605725237534",
         "0.05382701927024203"
        ],
        [
         "Medicine",
         "0.027139746681610677",
         "0.015507217192698208",
         "0.005496436301721919",
         "0.014627130164199365",
         "0.11076853166862144",
         "0.017605100061636292",
         "1.0",
         "0.08879472911396113",
         "0.029611846241147766",
         "0.00570672305325981",
         "0.041840666554522565",
         "0.011552457091374424",
         "0.015286884818532909",
         "0.019181876132823628",
         "0.018825915056172593",
         "0.012656695732178203",
         "0.008501628554944851",
         "0.00907749942129299",
         "0.005488364826712888"
        ],
        [
         "Biology",
         "0.004769315696041776",
         "0.003315047327694276",
         "0.01100914672179254",
         "0.01355804561474494",
         "0.0166751653988374",
         "0.026103698893380822",
         "0.08879472911396113",
         "1.0",
         "0.020824415479810288",
         "0.012771921847891443",
         "0.15436699065358428",
         "0.00936460519185811",
         "0.008742665491672574",
         "0.01403628110320676",
         "0.0956126148064731",
         "0.005837828227102215",
         "0.009346421522197557",
         "0.016934093742817402",
         "0.06779079160275425"
        ],
        [
         "Computer science",
         "0.06209051165784285",
         "0.03639336738549981",
         "0.0673360015390515",
         "0.13168287466516304",
         "0.11765282630877305",
         "0.21388276411383678",
         "0.029611846241147766",
         "0.020824415479810288",
         "1.0",
         "0.05374954008976607",
         "0.021499376459190866",
         "0.026672101391605363",
         "0.06164364895541585",
         "0.3292124954453768",
         "0.05498980216145877",
         "0.03065166804355346",
         "0.04498992090730247",
         "0.10912856473044308",
         "0.07006408649521512"
        ],
        [
         "Geology",
         "0.004198904133243864",
         "0.006627455257109061",
         "0.00213853140121667",
         "0.0029164089546532823",
         "0.0029627293542636712",
         "0.037474970879995184",
         "0.00570672305325981",
         "0.012771921847891443",
         "0.05374954008976607",
         "1.0",
         "0.02349337959297404",
         "0.007345679018750384",
         "0.0030166768117297904",
         "0.09975803978035647",
         "0.11449094413068617",
         "0.01165268582396517",
         "0.035823202405077414",
         "0.06083201251980386",
         "0.25492647947423686"
        ],
        [
         "Chemistry",
         "0.002027288544105721",
         "0.005280885567973126",
         "0.004459591706571064",
         "0.005742043229906124",
         "0.007593355770024068",
         "0.024536435399287737",
         "0.041840666554522565",
         "0.15436699065358428",
         "0.021499376459190866",
         "0.02349337959297404",
         "1.0",
         "0.0038035846327431067",
         "0.00011008906890763726",
         "0.025275834270746866",
         "0.002033168189965795",
         "0.0005904737917298286",
         "0.1915815787671672",
         "0.07264939854935193",
         "0.07144198619856024"
        ],
        [
         "Art",
         "0.1597893492564597",
         "0.191005205693613",
         "0.007063469325474303",
         "0.010675011386035882",
         "0.055509366115133574",
         "0.015082554107989643",
         "0.011552457091374424",
         "0.00936460519185811",
         "0.026672101391605363",
         "0.007345679018750384",
         "0.0038035846327431067",
         "1.0",
         "0.1308068816003669",
         "0.019544553743889415",
         "0.08245769537044434",
         "0.21694604352872982",
         "0.0019066550117297076",
         "0.04658843142758706",
         "0.002113510607964053"
        ],
        [
         "Sociology",
         "0.3584204521280103",
         "0.19228921498735574",
         "0.07125413735283004",
         "0.0667942475376615",
         "0.19710166392305406",
         "0.01877414855823134",
         "0.015286884818532909",
         "0.008742665491672574",
         "0.06164364895541585",
         "0.0030166768117297904",
         "0.00011008906890763726",
         "0.1308068816003669",
         "1.0",
         "0.060003703333015745",
         "0.0827893147545331",
         "0.18923954426133605",
         "0.0",
         "0.003670499256089088",
         "0.003784219831648339"
        ],
        [
         "Engineering",
         "0.05793821404063537",
         "0.0063082874229161146",
         "0.06822515673513285",
         "0.14536056803207198",
         "0.049634825188136666",
         "0.1078428184383512",
         "0.019181876132823628",
         "0.01403628110320676",
         "0.3292124954453768",
         "0.09975803978035647",
         "0.025275834270746866",
         "0.019544553743889415",
         "0.060003703333015745",
         "1.0",
         "0.06517602787526011",
         "0.016487369614992198",
         "0.13978753010108425",
         "0.13582415321935115",
         "0.19892889060400876"
        ],
        [
         "Geography",
         "0.12410918611792643",
         "0.01315965511625472",
         "0.09876519297889164",
         "0.11474272136146557",
         "0.032251587393233416",
         "0.031100342278899018",
         "0.018825915056172593",
         "0.0956126148064731",
         "0.05498980216145877",
         "0.11449094413068617",
         "0.002033168189965795",
         "0.08245769537044434",
         "0.0827893147545331",
         "0.06517602787526011",
         "1.0",
         "0.09247662622613095",
         "0.0008921126625698328",
         "0.02615942869915011",
         "0.20355241480110164"
        ],
        [
         "History",
         "0.14516826111187842",
         "0.12084001565788505",
         "0.013610957111956368",
         "0.008956851825772771",
         "0.03502037524806856",
         "0.008308309005580439",
         "0.012656695732178203",
         "0.005837828227102215",
         "0.03065166804355346",
         "0.01165268582396517",
         "0.0005904737917298286",
         "0.21694604352872982",
         "0.18923954426133605",
         "0.016487369614992198",
         "0.09247662622613095",
         "1.0",
         "0.0012747624245104117",
         "0.004567732792268742",
         "0.002720003442328811"
        ],
        [
         "Materials science",
         "0.0014949320077740635",
         "0.001961000378780886",
         "0.0003628891612772467",
         "0.0005126615388367783",
         "0.0007713641517308467",
         "0.04137253126165219",
         "0.008501628554944851",
         "0.009346421522197557",
         "0.04498992090730247",
         "0.035823202405077414",
         "0.1915815787671672",
         "0.0019066550117297076",
         "0.0",
         "0.13978753010108425",
         "0.0008921126625698328",
         "0.0012747624245104117",
         "1.0",
         "0.14300900598526622",
         "0.044317079414835425"
        ],
        [
         "Physics",
         "0.018112502406830266",
         "0.06357251519056384",
         "0.004163052457929806",
         "0.007396548946717818",
         "0.016162782532639586",
         "0.1517605725237534",
         "0.00907749942129299",
         "0.016934093742817402",
         "0.10912856473044308",
         "0.06083201251980386",
         "0.07264939854935193",
         "0.04658843142758706",
         "0.003670499256089088",
         "0.13582415321935115",
         "0.02615942869915011",
         "0.004567732792268742",
         "0.14300900598526622",
         "1.0",
         "0.05015593667190865"
        ],
        [
         "Environmental science",
         "0.007392191692061512",
         "0.0014473746431497014",
         "0.05181070136704824",
         "0.04657005524601543",
         "0.0035321180300945665",
         "0.05382701927024203",
         "0.005488364826712888",
         "0.06779079160275425",
         "0.07006408649521512",
         "0.25492647947423686",
         "0.07144198619856024",
         "0.002113510607964053",
         "0.003784219831648339",
         "0.19892889060400876",
         "0.20355241480110164",
         "0.002720003442328811",
         "0.044317079414835425",
         "0.05015593667190865",
         "1.0"
        ]
       ],
       "shape": {
        "columns": 19,
        "rows": 19
       }
      },
      "text/html": [
       "<div>\n",
       "<style scoped>\n",
       "    .dataframe tbody tr th:only-of-type {\n",
       "        vertical-align: middle;\n",
       "    }\n",
       "\n",
       "    .dataframe tbody tr th {\n",
       "        vertical-align: top;\n",
       "    }\n",
       "\n",
       "    .dataframe thead th {\n",
       "        text-align: right;\n",
       "    }\n",
       "</style>\n",
       "<table border=\"1\" class=\"dataframe\">\n",
       "  <thead>\n",
       "    <tr style=\"text-align: right;\">\n",
       "      <th></th>\n",
       "      <th>Political science</th>\n",
       "      <th>Philosophy</th>\n",
       "      <th>Economics</th>\n",
       "      <th>Business</th>\n",
       "      <th>Psychology</th>\n",
       "      <th>Mathematics</th>\n",
       "      <th>Medicine</th>\n",
       "      <th>Biology</th>\n",
       "      <th>Computer science</th>\n",
       "      <th>Geology</th>\n",
       "      <th>Chemistry</th>\n",
       "      <th>Art</th>\n",
       "      <th>Sociology</th>\n",
       "      <th>Engineering</th>\n",
       "      <th>Geography</th>\n",
       "      <th>History</th>\n",
       "      <th>Materials science</th>\n",
       "      <th>Physics</th>\n",
       "      <th>Environmental science</th>\n",
       "    </tr>\n",
       "  </thead>\n",
       "  <tbody>\n",
       "    <tr>\n",
       "      <th>Political science</th>\n",
       "      <td>1.000000</td>\n",
       "      <td>0.213918</td>\n",
       "      <td>0.161056</td>\n",
       "      <td>0.175567</td>\n",
       "      <td>0.101588</td>\n",
       "      <td>0.011271</td>\n",
       "      <td>0.027140</td>\n",
       "      <td>0.004769</td>\n",
       "      <td>0.062091</td>\n",
       "      <td>0.004199</td>\n",
       "      <td>0.002027</td>\n",
       "      <td>0.159789</td>\n",
       "      <td>0.358420</td>\n",
       "      <td>0.057938</td>\n",
       "      <td>0.124109</td>\n",
       "      <td>0.145168</td>\n",
       "      <td>0.001495</td>\n",
       "      <td>0.018113</td>\n",
       "      <td>0.007392</td>\n",
       "    </tr>\n",
       "    <tr>\n",
       "      <th>Philosophy</th>\n",
       "      <td>0.213918</td>\n",
       "      <td>1.000000</td>\n",
       "      <td>0.018747</td>\n",
       "      <td>0.004984</td>\n",
       "      <td>0.091045</td>\n",
       "      <td>0.028471</td>\n",
       "      <td>0.015507</td>\n",
       "      <td>0.003315</td>\n",
       "      <td>0.036393</td>\n",
       "      <td>0.006627</td>\n",
       "      <td>0.005281</td>\n",
       "      <td>0.191005</td>\n",
       "      <td>0.192289</td>\n",
       "      <td>0.006308</td>\n",
       "      <td>0.013160</td>\n",
       "      <td>0.120840</td>\n",
       "      <td>0.001961</td>\n",
       "      <td>0.063573</td>\n",
       "      <td>0.001447</td>\n",
       "    </tr>\n",
       "    <tr>\n",
       "      <th>Economics</th>\n",
       "      <td>0.161056</td>\n",
       "      <td>0.018747</td>\n",
       "      <td>1.000000</td>\n",
       "      <td>0.415242</td>\n",
       "      <td>0.046233</td>\n",
       "      <td>0.051981</td>\n",
       "      <td>0.005496</td>\n",
       "      <td>0.011009</td>\n",
       "      <td>0.067336</td>\n",
       "      <td>0.002139</td>\n",
       "      <td>0.004460</td>\n",
       "      <td>0.007063</td>\n",
       "      <td>0.071254</td>\n",
       "      <td>0.068225</td>\n",
       "      <td>0.098765</td>\n",
       "      <td>0.013611</td>\n",
       "      <td>0.000363</td>\n",
       "      <td>0.004163</td>\n",
       "      <td>0.051811</td>\n",
       "    </tr>\n",
       "    <tr>\n",
       "      <th>Business</th>\n",
       "      <td>0.175567</td>\n",
       "      <td>0.004984</td>\n",
       "      <td>0.415242</td>\n",
       "      <td>1.000000</td>\n",
       "      <td>0.067196</td>\n",
       "      <td>0.026304</td>\n",
       "      <td>0.014627</td>\n",
       "      <td>0.013558</td>\n",
       "      <td>0.131683</td>\n",
       "      <td>0.002916</td>\n",
       "      <td>0.005742</td>\n",
       "      <td>0.010675</td>\n",
       "      <td>0.066794</td>\n",
       "      <td>0.145361</td>\n",
       "      <td>0.114743</td>\n",
       "      <td>0.008957</td>\n",
       "      <td>0.000513</td>\n",
       "      <td>0.007397</td>\n",
       "      <td>0.046570</td>\n",
       "    </tr>\n",
       "    <tr>\n",
       "      <th>Psychology</th>\n",
       "      <td>0.101588</td>\n",
       "      <td>0.091045</td>\n",
       "      <td>0.046233</td>\n",
       "      <td>0.067196</td>\n",
       "      <td>1.000000</td>\n",
       "      <td>0.053162</td>\n",
       "      <td>0.110769</td>\n",
       "      <td>0.016675</td>\n",
       "      <td>0.117653</td>\n",
       "      <td>0.002963</td>\n",
       "      <td>0.007593</td>\n",
       "      <td>0.055509</td>\n",
       "      <td>0.197102</td>\n",
       "      <td>0.049635</td>\n",
       "      <td>0.032252</td>\n",
       "      <td>0.035020</td>\n",
       "      <td>0.000771</td>\n",
       "      <td>0.016163</td>\n",
       "      <td>0.003532</td>\n",
       "    </tr>\n",
       "    <tr>\n",
       "      <th>Mathematics</th>\n",
       "      <td>0.011271</td>\n",
       "      <td>0.028471</td>\n",
       "      <td>0.051981</td>\n",
       "      <td>0.026304</td>\n",
       "      <td>0.053162</td>\n",
       "      <td>1.000000</td>\n",
       "      <td>0.017605</td>\n",
       "      <td>0.026104</td>\n",
       "      <td>0.213883</td>\n",
       "      <td>0.037475</td>\n",
       "      <td>0.024536</td>\n",
       "      <td>0.015083</td>\n",
       "      <td>0.018774</td>\n",
       "      <td>0.107843</td>\n",
       "      <td>0.031100</td>\n",
       "      <td>0.008308</td>\n",
       "      <td>0.041373</td>\n",
       "      <td>0.151761</td>\n",
       "      <td>0.053827</td>\n",
       "    </tr>\n",
       "    <tr>\n",
       "      <th>Medicine</th>\n",
       "      <td>0.027140</td>\n",
       "      <td>0.015507</td>\n",
       "      <td>0.005496</td>\n",
       "      <td>0.014627</td>\n",
       "      <td>0.110769</td>\n",
       "      <td>0.017605</td>\n",
       "      <td>1.000000</td>\n",
       "      <td>0.088795</td>\n",
       "      <td>0.029612</td>\n",
       "      <td>0.005707</td>\n",
       "      <td>0.041841</td>\n",
       "      <td>0.011552</td>\n",
       "      <td>0.015287</td>\n",
       "      <td>0.019182</td>\n",
       "      <td>0.018826</td>\n",
       "      <td>0.012657</td>\n",
       "      <td>0.008502</td>\n",
       "      <td>0.009077</td>\n",
       "      <td>0.005488</td>\n",
       "    </tr>\n",
       "    <tr>\n",
       "      <th>Biology</th>\n",
       "      <td>0.004769</td>\n",
       "      <td>0.003315</td>\n",
       "      <td>0.011009</td>\n",
       "      <td>0.013558</td>\n",
       "      <td>0.016675</td>\n",
       "      <td>0.026104</td>\n",
       "      <td>0.088795</td>\n",
       "      <td>1.000000</td>\n",
       "      <td>0.020824</td>\n",
       "      <td>0.012772</td>\n",
       "      <td>0.154367</td>\n",
       "      <td>0.009365</td>\n",
       "      <td>0.008743</td>\n",
       "      <td>0.014036</td>\n",
       "      <td>0.095613</td>\n",
       "      <td>0.005838</td>\n",
       "      <td>0.009346</td>\n",
       "      <td>0.016934</td>\n",
       "      <td>0.067791</td>\n",
       "    </tr>\n",
       "    <tr>\n",
       "      <th>Computer science</th>\n",
       "      <td>0.062091</td>\n",
       "      <td>0.036393</td>\n",
       "      <td>0.067336</td>\n",
       "      <td>0.131683</td>\n",
       "      <td>0.117653</td>\n",
       "      <td>0.213883</td>\n",
       "      <td>0.029612</td>\n",
       "      <td>0.020824</td>\n",
       "      <td>1.000000</td>\n",
       "      <td>0.053750</td>\n",
       "      <td>0.021499</td>\n",
       "      <td>0.026672</td>\n",
       "      <td>0.061644</td>\n",
       "      <td>0.329212</td>\n",
       "      <td>0.054990</td>\n",
       "      <td>0.030652</td>\n",
       "      <td>0.044990</td>\n",
       "      <td>0.109129</td>\n",
       "      <td>0.070064</td>\n",
       "    </tr>\n",
       "    <tr>\n",
       "      <th>Geology</th>\n",
       "      <td>0.004199</td>\n",
       "      <td>0.006627</td>\n",
       "      <td>0.002139</td>\n",
       "      <td>0.002916</td>\n",
       "      <td>0.002963</td>\n",
       "      <td>0.037475</td>\n",
       "      <td>0.005707</td>\n",
       "      <td>0.012772</td>\n",
       "      <td>0.053750</td>\n",
       "      <td>1.000000</td>\n",
       "      <td>0.023493</td>\n",
       "      <td>0.007346</td>\n",
       "      <td>0.003017</td>\n",
       "      <td>0.099758</td>\n",
       "      <td>0.114491</td>\n",
       "      <td>0.011653</td>\n",
       "      <td>0.035823</td>\n",
       "      <td>0.060832</td>\n",
       "      <td>0.254926</td>\n",
       "    </tr>\n",
       "    <tr>\n",
       "      <th>Chemistry</th>\n",
       "      <td>0.002027</td>\n",
       "      <td>0.005281</td>\n",
       "      <td>0.004460</td>\n",
       "      <td>0.005742</td>\n",
       "      <td>0.007593</td>\n",
       "      <td>0.024536</td>\n",
       "      <td>0.041841</td>\n",
       "      <td>0.154367</td>\n",
       "      <td>0.021499</td>\n",
       "      <td>0.023493</td>\n",
       "      <td>1.000000</td>\n",
       "      <td>0.003804</td>\n",
       "      <td>0.000110</td>\n",
       "      <td>0.025276</td>\n",
       "      <td>0.002033</td>\n",
       "      <td>0.000590</td>\n",
       "      <td>0.191582</td>\n",
       "      <td>0.072649</td>\n",
       "      <td>0.071442</td>\n",
       "    </tr>\n",
       "    <tr>\n",
       "      <th>Art</th>\n",
       "      <td>0.159789</td>\n",
       "      <td>0.191005</td>\n",
       "      <td>0.007063</td>\n",
       "      <td>0.010675</td>\n",
       "      <td>0.055509</td>\n",
       "      <td>0.015083</td>\n",
       "      <td>0.011552</td>\n",
       "      <td>0.009365</td>\n",
       "      <td>0.026672</td>\n",
       "      <td>0.007346</td>\n",
       "      <td>0.003804</td>\n",
       "      <td>1.000000</td>\n",
       "      <td>0.130807</td>\n",
       "      <td>0.019545</td>\n",
       "      <td>0.082458</td>\n",
       "      <td>0.216946</td>\n",
       "      <td>0.001907</td>\n",
       "      <td>0.046588</td>\n",
       "      <td>0.002114</td>\n",
       "    </tr>\n",
       "    <tr>\n",
       "      <th>Sociology</th>\n",
       "      <td>0.358420</td>\n",
       "      <td>0.192289</td>\n",
       "      <td>0.071254</td>\n",
       "      <td>0.066794</td>\n",
       "      <td>0.197102</td>\n",
       "      <td>0.018774</td>\n",
       "      <td>0.015287</td>\n",
       "      <td>0.008743</td>\n",
       "      <td>0.061644</td>\n",
       "      <td>0.003017</td>\n",
       "      <td>0.000110</td>\n",
       "      <td>0.130807</td>\n",
       "      <td>1.000000</td>\n",
       "      <td>0.060004</td>\n",
       "      <td>0.082789</td>\n",
       "      <td>0.189240</td>\n",
       "      <td>0.000000</td>\n",
       "      <td>0.003670</td>\n",
       "      <td>0.003784</td>\n",
       "    </tr>\n",
       "    <tr>\n",
       "      <th>Engineering</th>\n",
       "      <td>0.057938</td>\n",
       "      <td>0.006308</td>\n",
       "      <td>0.068225</td>\n",
       "      <td>0.145361</td>\n",
       "      <td>0.049635</td>\n",
       "      <td>0.107843</td>\n",
       "      <td>0.019182</td>\n",
       "      <td>0.014036</td>\n",
       "      <td>0.329212</td>\n",
       "      <td>0.099758</td>\n",
       "      <td>0.025276</td>\n",
       "      <td>0.019545</td>\n",
       "      <td>0.060004</td>\n",
       "      <td>1.000000</td>\n",
       "      <td>0.065176</td>\n",
       "      <td>0.016487</td>\n",
       "      <td>0.139788</td>\n",
       "      <td>0.135824</td>\n",
       "      <td>0.198929</td>\n",
       "    </tr>\n",
       "    <tr>\n",
       "      <th>Geography</th>\n",
       "      <td>0.124109</td>\n",
       "      <td>0.013160</td>\n",
       "      <td>0.098765</td>\n",
       "      <td>0.114743</td>\n",
       "      <td>0.032252</td>\n",
       "      <td>0.031100</td>\n",
       "      <td>0.018826</td>\n",
       "      <td>0.095613</td>\n",
       "      <td>0.054990</td>\n",
       "      <td>0.114491</td>\n",
       "      <td>0.002033</td>\n",
       "      <td>0.082458</td>\n",
       "      <td>0.082789</td>\n",
       "      <td>0.065176</td>\n",
       "      <td>1.000000</td>\n",
       "      <td>0.092477</td>\n",
       "      <td>0.000892</td>\n",
       "      <td>0.026159</td>\n",
       "      <td>0.203552</td>\n",
       "    </tr>\n",
       "    <tr>\n",
       "      <th>History</th>\n",
       "      <td>0.145168</td>\n",
       "      <td>0.120840</td>\n",
       "      <td>0.013611</td>\n",
       "      <td>0.008957</td>\n",
       "      <td>0.035020</td>\n",
       "      <td>0.008308</td>\n",
       "      <td>0.012657</td>\n",
       "      <td>0.005838</td>\n",
       "      <td>0.030652</td>\n",
       "      <td>0.011653</td>\n",
       "      <td>0.000590</td>\n",
       "      <td>0.216946</td>\n",
       "      <td>0.189240</td>\n",
       "      <td>0.016487</td>\n",
       "      <td>0.092477</td>\n",
       "      <td>1.000000</td>\n",
       "      <td>0.001275</td>\n",
       "      <td>0.004568</td>\n",
       "      <td>0.002720</td>\n",
       "    </tr>\n",
       "    <tr>\n",
       "      <th>Materials science</th>\n",
       "      <td>0.001495</td>\n",
       "      <td>0.001961</td>\n",
       "      <td>0.000363</td>\n",
       "      <td>0.000513</td>\n",
       "      <td>0.000771</td>\n",
       "      <td>0.041373</td>\n",
       "      <td>0.008502</td>\n",
       "      <td>0.009346</td>\n",
       "      <td>0.044990</td>\n",
       "      <td>0.035823</td>\n",
       "      <td>0.191582</td>\n",
       "      <td>0.001907</td>\n",
       "      <td>0.000000</td>\n",
       "      <td>0.139788</td>\n",
       "      <td>0.000892</td>\n",
       "      <td>0.001275</td>\n",
       "      <td>1.000000</td>\n",
       "      <td>0.143009</td>\n",
       "      <td>0.044317</td>\n",
       "    </tr>\n",
       "    <tr>\n",
       "      <th>Physics</th>\n",
       "      <td>0.018113</td>\n",
       "      <td>0.063573</td>\n",
       "      <td>0.004163</td>\n",
       "      <td>0.007397</td>\n",
       "      <td>0.016163</td>\n",
       "      <td>0.151761</td>\n",
       "      <td>0.009077</td>\n",
       "      <td>0.016934</td>\n",
       "      <td>0.109129</td>\n",
       "      <td>0.060832</td>\n",
       "      <td>0.072649</td>\n",
       "      <td>0.046588</td>\n",
       "      <td>0.003670</td>\n",
       "      <td>0.135824</td>\n",
       "      <td>0.026159</td>\n",
       "      <td>0.004568</td>\n",
       "      <td>0.143009</td>\n",
       "      <td>1.000000</td>\n",
       "      <td>0.050156</td>\n",
       "    </tr>\n",
       "    <tr>\n",
       "      <th>Environmental science</th>\n",
       "      <td>0.007392</td>\n",
       "      <td>0.001447</td>\n",
       "      <td>0.051811</td>\n",
       "      <td>0.046570</td>\n",
       "      <td>0.003532</td>\n",
       "      <td>0.053827</td>\n",
       "      <td>0.005488</td>\n",
       "      <td>0.067791</td>\n",
       "      <td>0.070064</td>\n",
       "      <td>0.254926</td>\n",
       "      <td>0.071442</td>\n",
       "      <td>0.002114</td>\n",
       "      <td>0.003784</td>\n",
       "      <td>0.198929</td>\n",
       "      <td>0.203552</td>\n",
       "      <td>0.002720</td>\n",
       "      <td>0.044317</td>\n",
       "      <td>0.050156</td>\n",
       "      <td>1.000000</td>\n",
       "    </tr>\n",
       "  </tbody>\n",
       "</table>\n",
       "</div>"
      ],
      "text/plain": [
       "                       Political science  Philosophy  Economics  Business  \\\n",
       "Political science               1.000000    0.213918   0.161056  0.175567   \n",
       "Philosophy                      0.213918    1.000000   0.018747  0.004984   \n",
       "Economics                       0.161056    0.018747   1.000000  0.415242   \n",
       "Business                        0.175567    0.004984   0.415242  1.000000   \n",
       "Psychology                      0.101588    0.091045   0.046233  0.067196   \n",
       "Mathematics                     0.011271    0.028471   0.051981  0.026304   \n",
       "Medicine                        0.027140    0.015507   0.005496  0.014627   \n",
       "Biology                         0.004769    0.003315   0.011009  0.013558   \n",
       "Computer science                0.062091    0.036393   0.067336  0.131683   \n",
       "Geology                         0.004199    0.006627   0.002139  0.002916   \n",
       "Chemistry                       0.002027    0.005281   0.004460  0.005742   \n",
       "Art                             0.159789    0.191005   0.007063  0.010675   \n",
       "Sociology                       0.358420    0.192289   0.071254  0.066794   \n",
       "Engineering                     0.057938    0.006308   0.068225  0.145361   \n",
       "Geography                       0.124109    0.013160   0.098765  0.114743   \n",
       "History                         0.145168    0.120840   0.013611  0.008957   \n",
       "Materials science               0.001495    0.001961   0.000363  0.000513   \n",
       "Physics                         0.018113    0.063573   0.004163  0.007397   \n",
       "Environmental science           0.007392    0.001447   0.051811  0.046570   \n",
       "\n",
       "                       Psychology  Mathematics  Medicine   Biology  \\\n",
       "Political science        0.101588     0.011271  0.027140  0.004769   \n",
       "Philosophy               0.091045     0.028471  0.015507  0.003315   \n",
       "Economics                0.046233     0.051981  0.005496  0.011009   \n",
       "Business                 0.067196     0.026304  0.014627  0.013558   \n",
       "Psychology               1.000000     0.053162  0.110769  0.016675   \n",
       "Mathematics              0.053162     1.000000  0.017605  0.026104   \n",
       "Medicine                 0.110769     0.017605  1.000000  0.088795   \n",
       "Biology                  0.016675     0.026104  0.088795  1.000000   \n",
       "Computer science         0.117653     0.213883  0.029612  0.020824   \n",
       "Geology                  0.002963     0.037475  0.005707  0.012772   \n",
       "Chemistry                0.007593     0.024536  0.041841  0.154367   \n",
       "Art                      0.055509     0.015083  0.011552  0.009365   \n",
       "Sociology                0.197102     0.018774  0.015287  0.008743   \n",
       "Engineering              0.049635     0.107843  0.019182  0.014036   \n",
       "Geography                0.032252     0.031100  0.018826  0.095613   \n",
       "History                  0.035020     0.008308  0.012657  0.005838   \n",
       "Materials science        0.000771     0.041373  0.008502  0.009346   \n",
       "Physics                  0.016163     0.151761  0.009077  0.016934   \n",
       "Environmental science    0.003532     0.053827  0.005488  0.067791   \n",
       "\n",
       "                       Computer science   Geology  Chemistry       Art  \\\n",
       "Political science              0.062091  0.004199   0.002027  0.159789   \n",
       "Philosophy                     0.036393  0.006627   0.005281  0.191005   \n",
       "Economics                      0.067336  0.002139   0.004460  0.007063   \n",
       "Business                       0.131683  0.002916   0.005742  0.010675   \n",
       "Psychology                     0.117653  0.002963   0.007593  0.055509   \n",
       "Mathematics                    0.213883  0.037475   0.024536  0.015083   \n",
       "Medicine                       0.029612  0.005707   0.041841  0.011552   \n",
